0 -3.13
1 -3.8
2 -3.33
3 -3.09
4 -3.21
5 -3.61
6 -3.15
7 -3.15
8 -3.12
9 -3.41
10 -2.95
11 -3.09
12 -3.14
13 -3.14
14 -3.1
15 -2.87
16 -3.32
17 3.24
18 -2.25
19 -3.05
20 3.33
21 -3.18
22 -3.3
23 -2.92
24 -3.37
25 -3.12
26 -3.15
27 -3.12
28 -2.81
29 -2.71
30 -3.17
31 -3.04
32 -3.17
33 -2.77
34 -3.17
35 -3.11
36 -3.14
37 -3.26
38 -3.21
39 -3.27
40 -3.29
41 -3.18
42 -3.04
43 -3.3
44 -3.15
45 -3.15
46 -3.23
47 -3.15
48 -3.03
49 -3.1
50 -3.31
51 -3.23
52 -3.18
53 2.97
54 -2.96
55 -3.09
56 -3.14
57 -3.27
58 -2.75
59 -3.13
60 -3.4
61 -3.21
62 -3.15
63 -3.99
64 -3.17
65 -3.35
66 -2.43
67 -2.97
68 -3.27
69 -3.22
70 -3.1
71 -2.64
72 -3.16
73 -3.14
74 -3.2
75 -3.17
76 -3.22
77 -3.27
78 -3.08
79 -2.96
80 -3.08
81 -3.18
82 -3.22
83 -2.85
84 -2.95
85 -3.38
86 -3.08
87 -3.39
88 -3.22
89 -3.29
90 -3.41
91 -3.53
92 -3.29
93 3.15
94 -2.75
95 -3.34
96 -3.28
97 -3.07
98 -3.68
99 -2.87
100 -3.05
101 -3.24
102 -3.56
103 -2.83
104 -3.32
105 -3.62
106 -3.56
107 -3.19
108 -3.14
109 -3.18
110 -3.25
111 -3.37
112 -3.13
113 -2.8
114 -3.03
115 -2.62
116 -3.24
117 -3.28
118 -3.1
119 -3.16
120 -3.64
121 -2.77
122 -2.89
123 -3.74
124 -2.97
125 -2.95
126 -3.17
127 -3.27
128 -2.54
129 -3.28
130 -2.62
131 -2.99
132 -3.32
133 -3.34
134 -3.14
135 -3.63
136 -3.22
137 -3.13
138 -3.68
139 -2.81
140 -3.24
141 -3.44
142 -3.23
143 -3.21
144 -3.24
145 -3.42
146 -2.49
147 -2.89
148 -3.01
149 -2.97
150 -2.53
151 -3.05
152 -3.05
153 -2.96
154 -2.99
155 -3.18
156 -3.08
157 -3.16
158 -3.25
159 -3.21
160 -3.2
161 -3.07
162 -3.16
163 -2.92
164 -3.17
165 -2.89
166 -2.23
167 -2.7
168 -3.13
169 -2.92
170 -3.19
171 -3.09
172 -3.29
173 -3.03
174 -3.16
175 -3.17
176 -3.16
177 -3.22
178 -3.08
179 -3.73
180 4.13
181 -3.17
182 -3.24
183 -2.94
184 -2.55
185 -3.13
186 -3.56
187 -3.06
188 -3.18
189 -3.18
190 -3.33
191 -3.17
192 -3.13
193 -3.17
194 -3.13
195 -3.0
196 -2.86
197 -3.1
198 -3.22
199 -3.29
200 -3.5
201 -3.1
202 -3.5
203 -3.35
204 -3.14
205 -3.17
206 -3.44
207 -3.7
208 -2.4
209 -2.96
210 -3.27
211 -3.2
212 -3.14
213 -3.12
214 -3.13
215 -3.2
216 -3.05
217 -2.79
218 -3.01
219 -3.15
220 -2.8
221 -3.18
222 -3.01
223 -3.74
224 -3.1
225 -3.03
226 -3.15
227 -3.34
228 -2.52
229 -2.66
230 2.21
231 3.44
232 3.5
233 -2.46
234 -3.25
235 -2.72
236 -3.28
237 -3.37
238 -3.01
239 1.17
240 2.15
241 -2.83
242 -2.85
243 -3.22
244 -3.23
245 -3.3
246 -2.64
247 -3.13
248 -3.17
249 -2.96
250 -3.29
251 -2.85
252 -2.98
253 -3.15
254 -2.97
255 -3.04
256 -3.39
257 -2.84
258 -2.35
259 -3.14
260 -3.23
261 -2.55
262 -3.33
263 -3.24
264 -3.22
265 -3.22
266 -3.03
267 -3.28
268 -3.09
269 -3.26
270 -3.03
271 -3.3
272 -3.17
273 -3.44
274 -3.42
275 -3.24
276 -3.49
277 -3.31
278 -2.89
279 -3.02
280 -1.52
281 -3.4
282 1.61
283 -3.45
284 -3.17
285 -3.19
286 -3.22
287 -3.09
288 -3.0
289 -3.48
290 -3.1
291 -2.75
292 -3.04
293 -3.17
294 -3.26
295 -3.1
296 -3.15
297 -3.15
298 -3.74
299 -3.02
300 -2.16
301 -3.27
302 -3.27
303 -3.11
304 -3.15
305 -3.04
306 -3.16
307 -3.01
308 -3.11
309 -3.86
310 -3.14
311 -2.96
312 -3.11
313 -2.08
314 -3.21
315 -3.24
316 -2.86
317 -2.94
318 -3.15
319 -2.83
320 -3.22
321 -3.36
322 -3.24
323 -3.14
324 -3.14
325 -2.89
326 -3.45
327 -1.93
328 -3.55
329 -3.05
330 -3.54
331 -3.19
332 -3.29
333 -3.17
334 -3.03
335 -3.17
336 -1.41
337 -3.05
338 -2.76
339 -2.9
340 -3.13
341 -3.03
342 -3.31
343 -3.18
344 -3.07
345 -3.24
346 -2.92
347 -3.28
348 -3.3
349 -3.3
350 -3.18
351 -3.41
352 -3.11
353 -3.35
354 -3.12
355 -3.32
356 -3.16
357 -3.33
358 -3.27
359 -3.31
360 -3.0
361 -3.28
362 -3.05
363 -3.59
364 -3.15
365 -3.27
366 -3.04
367 -3.22
368 -3.15
369 -3.38
370 -3.14
371 -3.13
372 -2.96
373 -3.1
374 -3.3
375 -3.53
376 -3.21
377 -3.25
378 -3.14
379 -3.23
380 -2.26
381 -3.34
382 -2.86
383 -3.11
384 -3.2
385 -2.99
386 -2.98
387 -3.08
388 -2.81
389 -2.85
390 -3.12
391 -3.55
392 -2.94
393 -3.11
394 -3.11
395 -3.52
396 -3.31
397 -2.98
398 -2.99
399 -3.27
400 2.89
401 -3.13
402 -3.19
403 -3.93
404 -3.28
405 -2.72
406 -3.21
407 -3.07
408 -3.14
409 -3.27
410 -3.25
411 -3.35
412 -3.12
413 -3.24
414 -2.72
415 -3.11
416 -3.23
417 -3.05
418 -3.33
419 -2.6
420 -2.63
421 -4.34
422 -3.14
423 -2.98
424 -3.6
425 -3.34
426 -3.13
427 4.05
428 -3.21
429 -3.14
430 -3.17
431 -3.22
432 -3.07
433 -2.92
434 -3.14
435 -2.73
436 -2.81
437 -2.89
438 -3.1
439 -3.24
440 -2.35
441 -3.08
442 -3.25
443 -3.17
444 -3.74
445 -2.78
446 -3.09
447 -3.13
448 -3.2
449 -3.17
450 -3.12
451 -3.57
452 -2.41
453 -3.21
454 -1.08
455 -3.57
456 -3.26
457 -3.33
458 -3.2
459 -3.19
460 -3.25
461 -3.16
462 -3.27
463 -2.92
464 -3.49
465 -3.13
466 -2.78
467 -3.21
468 -3.21
469 -3.08
470 -3.22
471 -3.02
472 -3.16
473 -3.37
474 -4.06
475 -2.97
476 -3.33
477 -3.21
478 -3.92
479 -3.22
480 -4.12
481 -2.93
482 -2.65
483 -3.22
484 -2.61
485 -3.24
486 -2.92
487 -2.99
488 -3.26
489 -2.45
490 -3.19
491 -3.18
492 -3.21
493 -3.21
494 -3.16
495 -2.95
496 -2.85
497 -3.33
498 -3.05
499 -2.5
500 -2.78
501 -3.33
502 -3.2
503 -3.19
504 -3.3
505 -4.08
506 -4.17
507 -3.21
508 -2.95
509 -2.54
510 -3.16
511 -3.16
512 -1.97
513 -3.16
514 -3.56
515 -3.22
516 -3.21
517 -3.07
518 -3.19
519 -2.71
520 -2.46
521 -3.24
522 -3.18
523 -3.14
524 -3.95
525 -2.9
526 -3.25
527 -3.09
528 -2.73
529 -3.1
530 -3.62
531 -2.95
532 -3.07
533 -3.57
534 -3.25
535 -3.16
536 -3.31
537 -3.21
538 -3.74
539 -2.57
540 -3.27
541 -2.86
542 -3.01
543 -3.03
544 -3.81
545 -2.61
546 -2.92
547 -2.91
548 -3.51
549 -3.3
550 -3.48
551 -2.99
552 -3.49
553 -2.41
554 -3.75
555 -2.93
556 -3.19
557 -3.13
558 -3.41
559 -3.09
560 -3.23
561 -3.04
562 -3.14
563 -3.13
564 -3.18
565 -2.86
566 -3.13
567 -2.38
568 -3.05
569 2.61
570 -3.23
571 -3.26
572 -3.16
573 -3.14
574 -2.53
575 -3.17
576 -3.38
577 -1.96
578 -3.21
579 -3.41
580 -3.19
581 -3.15
582 -3.15
583 2.97
584 -2.9
585 -3.21
586 -2.92
587 -2.32
588 -1.06
589 -3.07
590 -3.21
591 -3.6
592 -2.47
593 -3.16
594 -2.37
595 -2.9
596 -2.6
597 -3.33
598 -3.16
599 -3.09
600 -3.16
601 -3.19
602 -2.33
603 3.29
604 -3.17
605 -3.68
606 -3.04
607 -3.77
608 -3.15
609 -3.24
610 -3.0
611 -3.2
612 -3.22
613 -3.14
614 -3.15
615 -3.6
616 -3.43
617 -3.13
618 -2.32
619 -2.33
620 -3.11
621 -2.53
622 -3.25
623 -2.91
624 -3.3
625 -3.77
626 -3.42
627 -3.27
628 -3.45
629 -2.9
630 -3.24
631 -3.06
632 -3.03
633 -2.82
634 -3.24
635 -3.44
636 -3.41
637 -3.67
638 -3.37
639 -3.09
640 -3.22
641 -3.3
642 -3.17
643 -3.36
644 -2.75
645 -3.04
646 -2.94
647 -3.2
648 -4.27
649 -3.49
650 -2.95
651 -3.18
652 -3.26
653 -4.26
654 -3.17
655 -3.1
656 -3.22
657 -3.26
658 -3.46
659 -3.3
660 -3.64
661 2.31
662 -3.2
663 -3.17
664 -3.17
665 -3.25
666 -3.26
667 -3.18
668 -3.46
669 -3.33
670 -3.11
671 -3.82
672 -2.4
673 -3.38
674 -3.02
675 -3.38
676 -3.2
677 -3.22
678 -3.22
679 -3.18
680 -3.29
681 -3.39
682 -2.78
683 -3.15
684 -3.1
685 -3.07
686 -2.99
687 -3.08
688 -3.89
689 -3.71
690 -3.16
691 -3.17
692 -3.28
693 -3.33
694 -3.14
695 -3.24
696 -3.21
697 -3.34
698 -3.45
699 -3.46
700 -2.92
701 -2.67
702 -3.2
703 -3.16
704 -3.18
705 -3.15
706 -1.64
707 -3.02
708 -3.3
709 -3.64
710 -3.58
711 -2.47
712 -3.78
713 -3.15
714 -3.15
715 -3.07
716 -3.54
717 -2.51
718 -3.16
719 -3.22
720 -3.39
721 -3.23
722 -1.92
723 -2.91
724 -2.83
725 -3.2
726 -3.12
727 -3.21
728 -2.84
729 -3.19
730 -3.2
731 -3.19
732 -3.12
733 -2.86
734 -2.68
735 -2.76
736 -3.2
737 -3.52
738 -2.97
739 -3.24
740 -3.27
741 -3.21
742 -3.29
743 -2.95
744 -3.17
745 -3.08
746 -3.31
747 -3.26
748 -2.96
749 -3.25
750 -3.01
751 -2.9
752 -2.92
753 -3.61
754 -3.2
755 -3.11
756 -3.14
757 -3.22
758 -2.89
759 -3.25
760 -2.88
761 -3.69
762 -3.11
763 -2.02
764 -3.3
765 -3.31
766 -3.24
767 -3.55
768 -2.11
769 -3.12
770 -3.18
771 -3.01
772 -3.07
773 -3.07
