0 0.37
1 0.48
2 0.66
3 0.37
4 0.85
5 0.81
6 0.56
7 0.67
8 0.5
9 0.5
10 0.33
11 0.72
12 0.45
13 0.49
14 0.81
15 0.94
16 0.81
17 0.44
18 0.25
19 0.5
20 0.28
21 0.61
22 0.34
23 0.62
24 0.77
25 0.83
26 0.35
27 0.84
28 0.79
29 0.4
30 0.91
31 0.63
32 0.73
33 0.68
34 0.83
35 0.7
36 0.96
37 0.7
38 0.31
39 0.86
40 0.63
41 0.53
42 0.4
43 0.88
44 0.47
45 0.74
46 0.87
47 0.72
48 0.74
49 0.71
50 0.8
51 0.86
52 0.54
53 0.34
54 0.16
55 0.86
56 0.89
57 1.01
58 1.35
59 0.74
60 0.43
61 0.95
62 0.62
63 0.66
64 0.92
65 0.74
66 0.63
67 0.91
68 0.46
69 0.55
70 0.79
71 0.42
72 1.11
73 0.78
74 0.7
75 1.12
76 0.91
77 1.02
78 0.92
79 1.22
80 0.59
81 0.71
82 0.57
83 0.44
84 0.62
85 0.85
86 0.62
87 0.36
88 0.92
89 1.31
90 1.28
91 0.92
92 0.57
93 0.87
94 0.59
95 0.75
96 0.85
97 0.67
98 0.78
99 0.16
100 0.64
101 1.13
102 0.9
103 0.58
104 0.5
105 1.0
106 0.85
107 1.0
108 1.31
109 0.95
110 1.06
111 0.72
112 0.79
113 0.67
114 0.83
115 0.25
116 0.46
117 0.18
118 1.17
119 0.21
120 0.34
121 0.44
122 0.19
123 0.61
124 0.6
125 0.42
126 0.65
127 0.83
128 1.13
129 0.79
130 0.31
131 0.75
132 0.58
133 0.57
134 0.64
135 0.92
136 0.76
137 0.78
138 0.51
139 0.15
140 1.43
141 0.95
142 1.07
143 1.0
144 1.04
145 0.61
146 0.7
147 0.47
148 0.78
149 0.88
150 0.29
151 0.93
152 1.11
153 0.31
154 0.55
155 1.34
156 0.75
157 0.35
158 0.93
159 0.69
160 0.86
161 0.84
162 0.56
163 0.35
164 0.88
165 0.31
166 0.33
167 0.53
168 0.73
169 0.83
170 0.69
171 0.78
172 0.57
173 0.27
174 0.33
175 0.97
176 0.82
177 0.88
178 0.79
179 0.96
180 0.13
181 0.38
182 0.17
183 0.23
184 0.52
185 0.71
186 0.94
187 0.77
188 0.56
189 1.2
190 0.57
191 1.09
192 1.0
193 1.54
194 0.6
195 0.46
196 0.64
197 0.93
198 1.26
199 0.72
200 0.47
201 0.29
202 0.75
203 0.95
204 1.11
205 0.95
206 0.5
207 0.49
208 0.46
209 0.81
210 0.7
211 1.06
212 0.66
213 0.36
214 0.61
215 0.47
216 0.22
217 0.32
218 0.77
219 1.16
220 0.62
221 1.32
222 0.49
223 0.6
224 0.71
225 0.9
226 0.51
227 0.89
228 0.91
229 1.47
230 1.82
231 1.27
232 0.5
233 1.13
234 1.06
235 1.33
236 0.8
237 0.54
238 0.89
239 1.24
240 1.67
241 0.84
242 0.52
243 0.66
244 0.89
245 0.68
246 0.49
247 0.48
248 0.45
249 1.01
250 0.7
251 0.36
252 0.62
253 0.39
254 0.41
255 0.72
256 1.24
257 0.29
258 0.3
259 0.47
260 1.13
261 0.4
262 0.39
263 0.65
264 0.94
265 1.01
266 1.2
267 1.35
268 0.83
269 0.99
270 0.94
271 0.44
272 0.93
273 0.99
274 1.1
275 1.46
276 0.39
277 0.09
278 0.15
279 1.0
280 0.09
281 1.14
282 0.43
283 0.87
284 1.16
285 0.47
286 0.66
287 0.43
288 1.14
289 0.6
290 0.5
291 0.97
292 1.0
293 0.82
294 1.02
295 0.62
296 0.88
297 0.64
298 0.49
299 1.02
300 0.23
301 0.8
302 0.86
303 0.93
304 0.36
305 1.16
306 1.07
307 0.88
308 0.42
309 0.89
310 0.44
311 0.5
312 0.56
313 0.61
314 0.6
315 0.44
316 0.43
317 0.61
318 0.53
319 0.52
320 0.57
321 0.99
322 0.74
323 0.48
324 0.47
325 0.59
326 1.02
327 0.21
328 0.34
329 0.69
330 1.28
331 0.49
332 0.61
333 0.89
334 0.38
335 0.59
336 0.18
337 0.55
338 0.61
339 0.49
340 0.47
341 1.14
342 0.64
343 0.45
344 0.63
345 0.74
346 1.03
347 0.87
348 0.81
349 0.96
350 1.17
351 0.69
352 0.73
353 0.74
354 0.61
355 0.64
356 0.91
357 0.88
358 1.07
359 0.98
360 0.28
361 1.28
362 1.56
363 0.4
364 0.76
365 0.67
366 1.15
367 0.98
368 1.02
369 1.02
370 0.62
371 0.38
372 0.29
373 0.59
374 0.79
375 0.93
376 1.42
377 0.71
378 0.64
379 0.32
380 0.61
381 0.44
382 0.28
383 0.69
384 0.61
385 0.2
386 0.2
387 0.24
388 0.43
389 0.41
390 0.72
391 0.64
392 0.62
393 0.3
394 0.1
395 0.64
396 0.89
397 0.31
398 0.42
399 0.7
400 0.7
401 0.39
402 0.53
403 0.87
404 0.96
405 0.91
406 0.34
407 0.4
408 0.32
409 0.9
410 1.17
411 0.87
412 0.87
413 1.21
414 0.5
415 0.55
416 0.77
417 0.76
418 0.32
419 0.36
420 0.63
421 1.17
422 0.41
423 1.29
424 0.69
425 0.91
426 0.79
427 0.5
428 0.97
429 0.42
430 0.54
431 0.44
432 0.89
433 0.43
434 0.27
435 0.66
436 0.67
437 0.38
438 0.78
439 1.6
440 0.63
441 0.22
442 0.7
443 0.58
444 0.9
445 1.18
446 1.12
447 0.43
448 0.44
449 0.65
450 0.56
451 1.25
452 0.72
453 0.31
454 0.34
455 0.73
456 0.61
457 0.66
458 0.29
459 0.55
460 0.38
461 0.45
462 0.56
463 0.21
464 0.42
465 0.27
466 0.32
467 1.06
468 1.04
469 0.44
470 1.3
471 1.04
472 0.87
473 0.89
474 1.03
475 0.61
476 0.67
477 0.18
478 0.58
479 0.53
480 0.91
481 0.19
482 0.57
483 1.09
484 0.36
485 0.5
486 0.27
487 0.45
488 0.29
489 0.09
490 0.84
491 0.95
492 0.83
493 0.63
494 1.05
495 0.77
496 0.68
497 0.37
498 0.17
499 0.54
500 0.28
501 1.12
502 1.14
503 0.59
504 1.21
505 0.92
506 0.68
507 1.07
508 0.85
509 0.82
510 0.74
511 0.17
512 0.18
513 1.02
514 0.42
515 0.83
516 0.35
517 0.43
518 0.65
519 0.3
520 0.68
521 0.55
522 0.56
523 0.64
524 1.76
525 1.25
526 1.46
527 0.87
528 0.23
529 0.84
530 1.0
531 0.85
532 0.43
533 0.27
534 0.65
535 0.59
536 0.85
537 0.77
538 0.7
539 0.49
540 0.98
541 0.89
542 0.9
543 0.54
544 0.75
545 0.21
546 0.23
547 0.71
548 0.29
549 0.72
550 1.22
551 1.03
552 0.74
553 0.48
554 0.62
555 0.59
556 0.49
557 1.02
558 0.7
559 0.6
560 0.58
561 1.47
562 0.97
563 0.74
564 0.85
565 0.54
566 0.85
567 0.84
568 0.57
569 0.8
570 1.25
571 0.97
572 0.67
573 1.01
574 0.44
575 0.67
576 1.27
577 0.3
578 1.26
579 1.15
580 0.86
581 1.07
582 0.85
583 0.87
584 0.55
585 0.89
586 0.73
587 0.41
588 0.28
589 1.16
590 1.2
591 1.41
592 0.34
593 0.28
594 0.16
595 0.91
596 0.59
597 0.71
598 0.9
599 1.02
600 1.03
601 1.29
602 0.78
603 0.69
604 0.94
605 0.31
606 0.58
607 0.9
608 1.15
609 1.42
610 1.23
611 1.52
612 0.62
613 0.65
614 1.11
615 0.8
616 0.89
617 0.82
618 0.53
619 0.48
620 0.84
621 0.35
622 0.68
623 0.36
624 0.83
625 0.43
626 1.13
627 0.49
628 1.31
629 0.6
630 1.13
631 1.08
632 0.82
633 0.8
634 0.62
635 0.47
636 1.08
637 0.87
638 0.73
639 0.76
640 1.16
641 0.96
642 1.28
643 0.69
644 0.92
645 1.47
646 0.84
647 1.08
648 0.65
649 0.66
650 1.03
651 1.13
652 1.16
653 0.8
654 0.79
655 0.78
656 0.83
657 0.96
658 0.93
659 0.41
660 0.6
661 1.14
662 1.25
663 1.32
664 0.69
665 1.02
666 0.86
667 1.41
668 0.99
669 1.06
670 0.77
671 0.58
672 0.28
673 1.14
674 0.76
675 0.69
676 0.65
677 0.63
678 1.27
679 1.28
680 0.72
681 0.73
682 0.59
683 0.58
684 0.8
685 0.29
686 0.85
687 0.45
688 0.63
689 0.47
690 0.43
691 0.54
692 0.81
693 0.44
694 0.72
695 1.16
696 0.68
697 0.72
698 0.73
699 0.47
700 0.44
701 0.35
702 1.18
703 0.75
704 1.21
705 0.63
706 0.28
707 1.2
708 1.01
709 0.55
710 0.5
711 0.22
712 0.41
713 0.41
714 0.69
715 0.54
716 0.73
717 0.4
718 0.58
719 1.0
720 0.43
721 0.72
722 0.4
723 0.88
724 0.48
725 1.44
726 0.81
727 0.84
728 0.62
729 0.73
730 0.96
731 1.02
732 0.87
733 1.34
734 0.77
735 0.95
736 0.96
737 0.64
738 1.31
739 0.77
740 0.87
741 1.3
742 1.17
743 1.1
744 1.4
745 0.94
746 1.29
747 1.26
748 0.72
749 0.82
750 1.04
751 0.73
752 0.49
753 0.63
754 1.1
755 0.92
756 0.9
757 0.39
758 0.41
759 1.04
760 1.5
761 0.8
762 0.4
763 0.38
764 1.32
765 1.51
766 0.6
767 0.85
768 0.32
769 0.96
770 1.0
771 0.51
772 0.78
773 0.58
