0 0.16
1 0.09
2 0.35
3 0.21
4 0.59
5 0.38
6 0.19
7 0.19
8 0.28
9 0.38
10 0.15
11 0.24
12 0.14
13 0.14
14 0.15
15 0.34
16 0.16
17 0.14
18 0.09
19 0.23
20 0.26
21 0.79
22 0.07
23 0.17
24 0.29
25 0.33
26 0.23
27 0.16
28 0.17
29 0.19
30 0.19
31 0.17
32 0.22
33 0.25
34 0.64
35 0.11
36 0.14
37 0.49
38 0.13
39 0.51
40 0.2
41 0.66
42 0.13
43 0.13
44 0.09
45 0.54
46 0.17
47 0.07
48 0.24
49 0.36
50 0.06
51 0.22
52 0.33
53 0.09
54 0.14
55 0.25
56 0.22
57 0.19
58 0.66
59 0.16
60 0.22
61 0.32
62 0.18
63 0.53
64 0.08
65 0.15
66 0.22
67 0.37
68 0.46
69 0.38
70 0.24
71 0.28
72 0.14
73 0.43
74 0.23
75 0.17
76 0.14
77 0.04
78 0.55
79 0.2
80 0.22
81 0.31
82 0.13
83 0.14
84 0.14
85 0.19
86 0.13
87 0.12
88 0.14
89 0.29
90 0.13
91 0.17
92 0.17
93 0.16
94 0.17
95 0.12
96 0.56
97 0.1
98 0.09
99 0.2
100 0.07
101 0.56
102 0.05
103 0.46
104 0.16
105 0.63
106 0.21
107 0.29
108 0.19
109 0.11
110 0.09
111 0.4
112 0.19
113 0.17
114 0.23
115 0.07
116 0.61
117 0.1
118 0.18
119 0.14
120 0.22
121 0.15
122 0.29
123 0.18
124 0.14
125 0.5
126 0.46
127 0.07
128 0.17
129 0.1
130 0.43
131 0.12
132 0.56
133 0.14
134 0.04
135 0.54
136 0.44
137 0.09
138 0.53
139 0.19
140 0.27
141 0.39
142 0.37
143 0.56
144 0.14
145 0.09
146 0.66
147 0.43
148 0.2
149 0.05
150 0.6
151 0.09
152 0.17
153 0.26
154 0.41
155 0.14
156 0.15
157 0.53
158 0.19
159 0.25
160 0.04
161 0.21
162 0.09
163 0.21
164 0.12
165 0.18
166 0.09
167 0.12
168 0.2
169 0.16
170 0.09
171 0.15
172 0.18
173 0.35
174 0.14
175 0.3
176 0.11
177 0.25
178 0.12
179 0.11
180 0.11
181 0.09
182 0.21
183 0.99
184 0.1
185 0.24
186 0.22
187 0.51
188 0.21
189 0.06
190 0.13
191 0.35
192 0.2
193 0.39
194 0.36
195 0.11
196 0.25
197 0.12
198 0.19
199 0.39
200 0.14
201 0.1
202 0.37
203 0.08
204 0.27
205 0.17
206 0.25
207 0.97
208 0.79
209 0.07
210 0.25
211 0.1
212 0.26
213 0.41
214 0.1
215 0.25
216 0.11
217 0.12
218 0.29
219 0.16
220 0.12
221 0.66
222 0.54
223 0.49
224 0.06
225 0.11
226 0.22
227 0.18
228 0.19
229 0.32
230 0.17
231 0.29
232 0.08
233 0.15
234 0.29
235 0.08
236 0.18
237 0.24
238 0.2
239 0.35
240 0.13
241 0.27
242 0.17
243 0.06
244 0.85
245 0.23
246 0.26
247 0.11
248 0.16
249 0.26
250 0.22
251 0.12
252 0.1
253 0.03
254 0.14
255 0.27
256 0.15
257 0.25
258 0.09
259 0.11
260 0.13
261 0.26
262 0.14
263 0.15
264 0.6
265 0.23
266 0.26
267 0.19
268 0.24
269 0.26
270 0.15
271 0.57
272 0.16
273 0.23
274 0.18
275 0.11
276 0.2
277 0.11
278 0.2
279 0.45
280 0.11
281 0.37
282 0.37
283 0.59
284 0.14
285 0.53
286 0.12
287 0.21
288 0.05
289 0.12
290 0.14
291 0.26
292 0.1
293 0.09
294 0.23
295 0.34
296 0.37
297 0.07
298 0.25
299 0.21
300 0.56
301 0.36
302 0.17
303 0.19
304 0.23
305 0.14
306 0.18
307 0.19
308 0.09
309 0.41
310 0.08
311 0.33
312 0.22
313 1.6
314 0.2
315 0.23
316 0.16
317 0.15
318 0.08
319 0.15
320 0.14
321 0.12
322 0.09
323 0.53
324 0.11
325 0.06
326 0.15
327 0.14
328 0.16
329 0.36
330 0.38
331 0.33
332 0.09
333 0.5
334 0.39
335 0.1
336 0.16
337 0.5
338 0.2
339 0.27
340 0.33
341 0.28
342 0.11
343 0.34
344 0.18
345 0.28
346 0.18
347 0.18
348 0.12
349 0.28
350 0.38
351 0.22
352 0.12
353 0.26
354 0.1
355 0.13
356 0.82
357 0.06
358 0.61
359 0.46
360 0.15
361 0.23
362 0.09
363 0.09
364 0.41
365 0.4
366 0.08
367 0.12
368 0.47
369 0.35
370 0.78
371 0.22
372 0.28
373 0.48
374 0.15
375 0.15
376 0.05
377 0.11
378 0.77
379 0.5
380 0.13
381 0.13
382 0.22
383 0.17
384 0.12
385 0.15
386 0.29
387 0.26
388 0.59
389 0.16
390 0.12
391 0.14
392 0.1
393 0.84
394 0.11
395 0.26
396 0.09
397 0.18
398 0.34
399 0.2
400 0.11
401 0.2
402 0.13
403 0.25
404 0.25
405 0.19
406 0.05
407 0.14
408 0.06
409 0.07
410 0.24
411 0.43
412 0.41
413 0.22
414 0.27
415 0.06
416 0.25
417 0.06
418 0.24
419 0.21
420 0.12
421 0.35
422 0.34
423 0.47
424 0.24
425 0.23
426 0.11
427 0.14
428 0.49
429 0.13
430 0.21
431 0.19
432 0.39
433 0.21
434 0.29
435 0.35
436 0.18
437 0.62
438 0.26
439 0.19
440 0.49
441 0.44
442 0.17
443 0.26
444 0.38
445 0.39
446 0.11
447 0.23
448 0.07
449 0.19
450 0.17
451 0.36
452 0.11
453 0.84
454 0.3
455 0.24
456 0.87
457 0.21
458 0.18
459 0.06
460 0.52
461 0.09
462 0.13
463 0.18
464 0.19
465 0.13
466 0.63
467 0.16
468 0.27
469 0.27
470 0.2
471 0.09
472 0.2
473 0.11
474 0.58
475 0.58
476 0.2
477 0.45
478 0.72
479 0.12
480 0.26
481 0.65
482 0.1
483 0.23
484 0.25
485 0.12
486 0.66
487 0.22
488 0.1
489 0.13
490 0.1
491 0.33
492 0.08
493 0.14
494 0.21
495 0.39
496 0.13
497 0.14
498 0.15
499 0.19
500 0.08
501 0.4
502 0.43
503 0.21
504 0.15
505 0.68
506 0.45
507 0.31
508 0.38
509 0.32
510 0.46
511 0.25
512 0.1
513 0.28
514 0.16
515 0.91
516 0.13
517 0.31
518 0.07
519 0.12
520 0.32
521 0.3
522 0.07
523 0.1
524 0.1
525 0.12
526 0.09
527 0.12
528 0.29
529 0.2
530 0.13
531 0.08
532 0.05
533 0.07
534 0.23
535 0.27
536 0.21
537 0.39
538 0.24
539 0.39
540 0.07
541 0.13
542 0.05
543 0.34
544 0.2
545 0.22
546 0.08
547 0.22
548 0.23
549 0.3
550 0.12
551 0.1
552 0.28
553 0.26
554 0.27
555 0.21
556 0.07
557 0.2
558 0.49
559 0.24
560 0.03
561 0.36
562 0.12
563 0.1
564 0.17
565 0.12
566 0.06
567 0.23
568 0.08
569 0.75
570 0.73
571 0.22
572 0.57
573 0.18
574 0.31
575 0.16
576 0.21
577 0.18
578 0.21
579 0.22
580 0.11
581 0.19
582 0.12
583 0.18
584 0.61
585 0.29
586 0.23
587 0.17
588 0.33
589 0.44
590 0.07
591 0.19
592 0.26
593 0.27
594 0.14
595 0.42
596 0.52
597 0.35
598 0.07
599 0.13
600 0.44
601 0.35
602 0.15
603 0.65
604 0.12
605 0.37
606 0.52
607 0.57
608 0.09
609 0.15
610 0.17
611 0.06
612 0.13
613 0.15
614 0.09
615 0.19
616 0.21
617 0.17
618 0.14
619 0.42
620 0.28
621 0.1
622 0.19
623 0.33
624 0.18
625 0.18
626 0.09
627 0.1
628 0.17
629 0.74
630 0.35
631 0.02
632 0.22
633 0.23
634 0.18
635 0.51
636 0.2
637 0.34
638 0.12
639 0.07
640 0.13
641 0.23
642 0.11
643 0.17
644 0.15
645 0.13
646 0.07
647 0.51
648 0.11
649 0.13
650 0.33
651 0.54
652 0.1
653 0.17
654 0.2
655 0.17
656 0.14
657 0.32
658 0.37
659 0.13
660 0.4
661 0.07
662 0.14
663 0.29
664 0.08
665 0.18
666 0.11
667 0.52
668 0.08
669 0.35
670 0.16
671 0.11
672 0.1
673 0.81
674 0.24
675 0.22
676 0.16
677 0.45
678 0.28
679 0.28
680 0.52
681 0.14
682 0.15
683 0.33
684 0.09
685 0.14
686 0.16
687 0.78
688 0.43
689 0.54
690 0.13
691 0.35
692 0.08
693 0.29
694 0.19
695 0.3
696 0.26
697 0.05
698 0.32
699 0.25
700 0.24
701 0.05
702 0.3
703 0.15
704 0.1
705 0.43
706 0.07
707 0.23
708 0.51
709 0.09
710 0.17
711 0.34
712 0.38
713 0.18
714 0.07
715 0.52
716 0.21
717 0.4
718 0.15
719 0.22
720 0.11
721 0.26
722 0.12
723 0.64
724 0.07
725 0.33
726 0.24
727 0.17
728 0.1
729 0.2
730 0.29
731 0.18
732 0.24
733 0.13
734 0.1
735 0.51
736 0.1
737 0.18
738 0.1
739 0.07
740 0.26
741 0.36
742 0.15
743 0.22
744 0.1
745 0.21
746 0.58
747 0.35
748 0.08
749 0.22
750 0.16
751 0.08
752 0.9
753 0.31
754 0.45
755 0.22
756 0.13
757 0.11
758 0.36
759 0.16
760 0.12
761 0.45
762 0.45
763 0.1
764 0.2
765 0.26
766 0.2
767 0.15
768 0.31
769 0.14
770 0.09
771 0.81
772 0.24
773 0.07
774 0.15
775 0.14
776 0.25
777 0.38
778 0.26
779 0.23
780 0.06
781 0.12
782 0.16
783 0.07
784 0.14
785 0.05
786 0.05
787 0.36
788 0.17
789 0.29
790 0.1
791 0.64
792 0.17
793 0.74
794 0.14
795 0.62
796 0.18
797 0.37
798 0.22
799 0.19
800 0.42
801 0.2
802 0.31
803 0.06
804 0.14
805 0.36
806 0.2
807 0.14
808 0.1
809 0.85
810 0.47
811 0.53
812 0.35
813 0.18
814 0.29
815 0.08
816 0.29
817 0.44
818 0.03
819 0.78
820 0.25
821 0.18
822 0.15
823 0.12
824 0.28
825 0.58
826 0.08
827 0.32
828 0.43
829 0.18
830 0.09
831 0.18
832 0.3
833 0.25
834 0.1
835 0.21
836 0.44
837 0.23
838 0.4
839 0.29
840 0.2
841 0.09
842 0.21
843 0.23
844 0.37
845 0.18
846 0.03
847 0.55
848 0.95
849 0.31
850 0.19
851 0.1
852 0.15
853 0.13
854 0.33
855 0.21
856 0.04
857 0.13
858 0.21
859 0.47
860 0.18
861 0.78
862 0.15
863 0.25
864 0.12
865 0.21
866 0.15
867 0.33
868 0.41
869 0.2
870 0.27
871 0.34
872 0.12
873 0.08
874 0.13
875 0.21
876 0.17
877 0.26
878 0.31
879 0.46
880 0.48
881 0.23
882 0.5
883 0.36
884 0.37
885 0.27
886 0.11
887 0.37
888 0.12
889 0.36
890 1.51
891 0.35
892 0.27
893 0.18
894 0.24
895 0.1
896 0.18
897 0.13
898 0.4
899 0.12
900 0.55
901 0.38
902 0.38
903 0.45
904 0.13
905 0.5
906 0.23
907 0.25
908 0.14
909 0.13
910 0.29
911 0.16
912 0.05
913 0.21
914 0.67
915 0.18
916 0.14
917 0.2
918 0.05
919 0.41
920 0.1
921 0.17
922 0.1
923 0.2
924 0.41
925 0.12
926 0.12
927 0.33
928 0.17
929 0.09
930 0.16
931 0.13
932 0.22
933 0.31
934 0.22
935 0.35
936 0.34
937 0.26
938 0.73
939 0.89
940 0.35
941 0.21
942 0.09
943 0.12
944 0.55
945 0.13
946 0.44
947 0.36
948 0.08
949 0.08
950 0.26
951 0.08
952 0.27
953 0.09
954 0.16
955 0.05
956 0.89
957 0.18
958 0.22
959 0.18
960 0.26
961 0.14
962 0.31
963 0.09
964 0.16
965 0.12
966 0.17
967 0.44
968 0.11
969 0.11
970 0.41
971 0.23
972 0.27
973 0.15
974 0.26
975 0.18
976 0.12
977 0.11
978 0.08
979 0.34
980 0.32
981 0.43
982 0.04
983 0.12
984 0.06
985 0.12
986 0.09
987 0.47
988 0.29
989 0.22
990 0.07
991 0.48
992 0.17
993 0.08
994 0.25
995 0.24
996 0.56
997 0.27
998 0.4
999 0.1
1000 0.45
1001 0.13
1002 0.29
1003 0.19
1004 0.09
1005 0.07
1006 0.21
1007 0.06
1008 0.69
1009 0.1
1010 0.39
1011 0.18
1012 0.2
1013 0.35
1014 0.26
1015 0.2
1016 0.23
1017 0.26
1018 0.74
1019 0.34
1020 0.36
1021 0.13
1022 0.22
1023 0.68
1024 0.17
1025 0.21
1026 0.16
1027 0.33
1028 0.27
1029 0.71
1030 0.11
1031 0.08
1032 0.14
1033 0.23
1034 0.27
1035 0.63
1036 0.16
1037 0.06
1038 0.11
1039 0.54
1040 0.15
1041 0.76
1042 0.29
1043 0.09
1044 0.21
1045 0.11
1046 0.05
1047 0.24
1048 0.03
1049 0.48
1050 0.05
1051 0.33
1052 0.07
1053 0.2
1054 0.38
1055 0.32
1056 0.13
1057 0.15
1058 0.26
1059 0.2
1060 0.31
1061 0.18
1062 0.39
1063 0.13
1064 0.45
1065 0.12
1066 0.39
1067 0.45
1068 0.03
1069 0.12
1070 0.11
1071 0.04
1072 0.24
1073 0.13
1074 0.08
1075 0.08
1076 0.14
1077 0.49
1078 0.05
1079 0.68
1080 0.09
1081 0.04
1082 0.26
1083 0.16
1084 0.19
1085 0.39
1086 0.09
1087 0.19
1088 0.41
1089 0.3
1090 0.12
1091 0.47
1092 0.74
1093 0.49
1094 0.06
1095 0.16
1096 0.53
1097 0.19
1098 0.08
1099 0.22
1100 0.24
1101 0.07
1102 0.15
1103 0.29
1104 0.16
1105 0.24
1106 0.07
1107 0.51
1108 0.17
1109 0.19
1110 0.22
1111 0.13
1112 0.08
1113 0.19
1114 0.21
1115 0.18
1116 0.24
1117 0.25
1118 0.16
1119 0.25
1120 0.12
1121 0.59
1122 0.12
1123 0.25
1124 0.29
1125 0.5
1126 0.55
1127 0.15
1128 0.22
1129 0.08
1130 0.23
1131 0.29
1132 0.26
1133 0.11
1134 0.04
1135 0.26
1136 0.2
1137 0.16
1138 0.49
1139 0.36
1140 0.19
1141 0.07
1142 0.18
1143 0.09
1144 0.15
1145 0.36
1146 0.08
1147 0.28
1148 0.08
1149 0.37
1150 0.06
1151 0.13
1152 0.14
1153 0.34
1154 0.18
1155 0.25
1156 0.26
1157 0.28
1158 0.15
1159 0.13
1160 0.1
1161 0.15
1162 0.19
1163 0.39
1164 0.3
1165 0.18
1166 0.1
1167 0.43
1168 0.28
1169 0.1
1170 0.36
1171 0.23
1172 0.09
1173 0.12
1174 0.23
1175 0.51
1176 0.09
1177 0.26
1178 0.49
1179 0.26
1180 0.13
1181 0.26
1182 0.41
1183 0.68
1184 0.23
1185 0.29
1186 0.16
1187 0.37
1188 0.1
1189 0.34
1190 0.4
1191 0.13
1192 0.4
1193 0.02
1194 0.43
1195 0.23
1196 0.09
1197 0.19
1198 0.44
1199 0.11
1200 0.63
1201 0.16
1202 0.36
1203 0.19
1204 0.1
1205 0.61
1206 0.13
1207 0.08
1208 0.12
1209 0.55
1210 0.11
1211 0.12
1212 0.21
1213 0.35
1214 0.27
1215 0.31
1216 0.11
1217 0.39
1218 0.18
1219 0.13
1220 0.32
1221 0.1
1222 0.21
1223 0.23
1224 0.31
1225 0.21
1226 0.19
1227 0.09
1228 0.39
1229 0.24
1230 0.24
1231 0.2
1232 0.04
1233 0.33
1234 0.22
1235 0.56
1236 0.14
1237 0.09
1238 0.29
1239 0.69
1240 0.21
1241 0.1
1242 0.45
1243 0.64
1244 0.42
1245 0.08
1246 0.13
1247 0.11
1248 0.1
1249 0.18
1250 0.24
1251 0.05
1252 0.2
1253 0.14
1254 0.08
1255 0.54
1256 0.27
1257 0.1
1258 0.2
1259 0.07
1260 0.26
1261 0.68
1262 0.09
1263 0.54
1264 0.35
1265 0.35
1266 0.53
1267 0.13
1268 0.82
1269 0.14
1270 0.19
1271 0.04
1272 0.52
1273 0.07
1274 0.28
1275 0.08
1276 0.05
1277 0.15
1278 0.16
1279 0.14
1280 0.82
1281 0.27
1282 0.47
1283 0.2
1284 0.15
1285 0.12
1286 0.33
1287 0.82
1288 0.22
1289 0.05
1290 0.44
1291 0.14
1292 0.18
1293 0.43
1294 0.05
1295 0.16
1296 0.14
1297 0.32
1298 0.17
1299 0.18
1300 0.08
1301 0.31
1302 0.23
1303 0.05
1304 0.23
1305 0.59
1306 0.07
1307 0.27
1308 0.28
1309 0.17
1310 0.17
1311 0.36
1312 0.08
1313 0.27
1314 0.06
1315 0.38
1316 0.14
1317 0.24
1318 0.12
1319 0.21
1320 0.05
1321 0.18
1322 0.05
1323 0.12
1324 0.29
1325 0.09
1326 0.15
1327 0.2
1328 0.21
1329 0.25
1330 0.52
1331 0.2
1332 1.09
1333 0.35
1334 0.34
1335 0.17
1336 0.11
1337 0.62
1338 0.13
1339 0.16
1340 0.13
1341 0.12
1342 0.58
1343 0.13
1344 0.71
1345 0.14
1346 0.33
1347 0.07
1348 0.13
1349 0.48
1350 0.09
1351 0.17
1352 0.27
1353 0.31
1354 0.14
1355 0.14
1356 0.14
1357 0.28
1358 0.16
1359 0.62
1360 0.1
1361 0.03
1362 0.1
1363 0.52
1364 0.34
1365 0.35
1366 0.25
1367 0.36
1368 0.42
1369 0.35
1370 0.14
1371 0.28
1372 0.1
1373 0.04
1374 0.12
1375 0.15
1376 0.54
1377 0.25
1378 0.35
1379 0.19
1380 0.05
1381 0.1
1382 0.06
1383 0.53
1384 0.13
1385 0.11
1386 0.34
1387 0.49
1388 0.2
1389 0.34
1390 0.13
1391 0.2
1392 0.41
1393 0.49
1394 0.17
1395 0.19
1396 0.32
1397 0.49
1398 0.14
1399 0.29
1400 0.38
1401 0.04
1402 0.17
1403 0.26
1404 0.1
1405 0.42
1406 0.5
1407 0.16
1408 0.28
1409 0.39
1410 0.17
1411 0.46
1412 0.67
1413 0.13
1414 0.24
1415 0.06
1416 0.19
1417 0.25
1418 0.17
1419 0.06
1420 0.13
1421 0.24
1422 0.13
1423 0.43
1424 0.13
1425 0.05
1426 0.09
1427 0.2
1428 0.28
1429 0.96
1430 0.24
1431 0.07
1432 0.13
1433 0.5
1434 0.08
1435 0.14
1436 0.08
1437 0.45
1438 0.14
1439 0.09
1440 0.07
1441 0.6
1442 0.12
1443 0.26
1444 0.16
1445 0.15
1446 0.12
1447 0.11
1448 0.3
1449 0.28
1450 0.27
1451 0.47
1452 0.1
1453 0.47
1454 0.41
1455 0.14
1456 0.12
1457 0.71
1458 0.87
1459 0.2
1460 0.31
1461 0.29
1462 0.17
1463 0.3
1464 0.14
1465 0.17
1466 0.13
1467 0.53
1468 0.16
1469 0.2
1470 0.34
1471 0.96
1472 0.62
1473 0.09
1474 0.05
1475 0.06
1476 0.18
1477 0.29
1478 0.16
1479 0.08
1480 0.17
1481 0.17
1482 0.1
1483 0.04
1484 0.42
1485 0.17
1486 0.23
1487 0.13
1488 0.17
1489 0.43
1490 0.18
1491 0.13
1492 0.13
1493 0.81
1494 1.2
1495 0.21
1496 0.54
1497 0.3
1498 0.07
1499 0.62
1500 0.61
1501 0.16
1502 0.1
1503 0.26
1504 0.37
1505 0.34
1506 0.05
1507 0.08
1508 0.11
1509 0.27
1510 0.18
1511 0.24
1512 0.05
1513 0.1
1514 0.41
1515 0.18
1516 0.1
1517 0.06
1518 0.19
1519 0.11
1520 0.09
1521 0.1
1522 0.31
1523 0.11
1524 0.28
1525 0.4
1526 0.08
1527 0.2
1528 0.42
1529 0.15
1530 0.54
1531 0.63
1532 0.04
1533 0.12
1534 0.24
1535 0.15
1536 0.18
1537 0.23
1538 0.19
1539 0.16
1540 1.81
1541 0.52
1542 0.1
1543 0.11
1544 0.39
1545 0.12
1546 0.05
1547 0.67
1548 0.19
1549 0.19
1550 0.27
1551 0.12
1552 0.1
1553 0.18
1554 0.17
1555 0.54
1556 0.29
1557 0.18
1558 0.05
1559 0.12
1560 0.13
1561 0.25
1562 0.73
1563 0.29
1564 0.43
1565 0.1
1566 0.45
1567 0.46
1568 0.3
1569 0.15
1570 0.26
1571 0.11
1572 0.29
1573 0.58
1574 0.14
1575 0.11
1576 0.25
1577 0.17
1578 0.23
1579 0.2
1580 0.33
1581 0.21
1582 0.31
1583 0.11
1584 0.19
1585 0.17
1586 0.11
1587 0.72
1588 0.15
1589 0.26
1590 0.24
1591 0.09
1592 0.09
1593 0.69
1594 0.48
1595 0.28
1596 0.32
1597 0.33
1598 0.16
1599 0.14
1600 0.43
1601 0.19
1602 0.17
1603 0.1
1604 0.93
1605 0.43
1606 0.16
1607 0.12
1608 0.11
1609 0.16
1610 0.07
1611 0.21
1612 0.26
1613 0.26
1614 0.25
1615 0.17
1616 0.06
1617 0.11
1618 0.13
1619 0.47
1620 0.12
1621 0.15
1622 0.17
1623 0.11
1624 0.48
1625 0.26
1626 0.16
1627 0.13
1628 0.17
1629 0.38
1630 0.24
1631 0.1
1632 0.22
1633 0.48
1634 0.42
1635 0.14
1636 0.11
1637 0.07
1638 0.2
1639 0.17
1640 0.33
1641 0.1
1642 0.23
1643 0.06
1644 0.1
1645 0.06
1646 0.1
1647 0.11
1648 0.11
1649 0.06
1650 0.23
1651 0.18
1652 0.08
1653 0.13
1654 0.2
1655 0.3
1656 0.16
1657 0.2
1658 0.74
1659 0.28
1660 0.31
1661 0.07
1662 0.16
1663 0.23
1664 0.11
1665 0.08
1666 0.25
1667 0.11
1668 0.21
1669 0.39
1670 0.12
1671 0.25
1672 0.24
1673 0.17
1674 0.13
1675 0.52
1676 0.18
1677 0.2
1678 0.18
1679 0.09
1680 0.26
1681 0.05
1682 0.25
1683 0.18
1684 0.1
1685 0.24
1686 0.23
1687 0.13
1688 0.12
1689 0.29
1690 0.08
1691 0.19
1692 0.24
1693 0.25
1694 0.18
1695 0.1
1696 0.1
1697 0.19
1698 0.28
1699 0.11
1700 0.09
1701 0.34
1702 0.12
1703 0.05
1704 0.08
1705 0.18
1706 0.16
1707 0.17
1708 0.35
1709 0.6
1710 0.28
1711 0.24
1712 0.13
1713 0.15
1714 0.37
1715 0.24
1716 1.24
1717 0.19
1718 0.94
1719 0.09
1720 0.06
1721 0.42
1722 0.08
1723 0.19
1724 0.56
1725 0.11
1726 0.08
1727 0.13
1728 0.13
1729 0.13
1730 0.52
1731 0.57
1732 0.57
1733 0.48
1734 0.12
1735 0.3
1736 0.14
1737 0.22
1738 0.05
1739 0.16
1740 0.53
1741 0.34
1742 0.53
1743 0.28
1744 0.54
1745 0.15
1746 0.05
1747 0.18
1748 0.18
1749 0.13
1750 0.11
1751 0.63
1752 0.3
1753 0.24
1754 0.11
1755 0.11
1756 0.35
1757 0.08
1758 0.47
1759 0.09
1760 0.1
1761 0.15
1762 0.14
1763 0.09
1764 0.13
1765 0.2
1766 0.48
1767 0.15
1768 0.38
1769 0.1
1770 0.21
1771 0.12
1772 0.18
1773 0.08
1774 0.14
1775 0.38
1776 0.6
1777 0.1
1778 0.4
1779 0.67
1780 0.19
1781 0.13
1782 0.11
1783 0.69
1784 0.21
1785 0.33
1786 0.11
1787 0.13
1788 0.18
1789 0.04
1790 0.31
1791 0.13
1792 0.13
1793 0.13
1794 0.06
1795 0.18
1796 0.28
1797 0.26
1798 0.47
1799 0.17
1800 0.22
1801 0.2
1802 0.33
1803 0.26
1804 0.1
1805 0.2
1806 0.1
1807 0.19
1808 0.34
1809 0.42
1810 0.05
1811 0.62
1812 0.45
1813 0.15
1814 0.37
1815 0.1
1816 0.77
1817 0.19
1818 0.59
1819 0.9
1820 0.09
1821 0.16
1822 0.29
1823 0.49
1824 0.1
1825 0.14
1826 0.18
1827 0.22
1828 0.11
1829 0.19
1830 0.03
1831 0.38
1832 0.08
1833 0.22
1834 0.1
1835 0.13
1836 0.81
1837 0.14
1838 0.15
1839 0.09
1840 0.16
1841 0.59
1842 0.6
1843 0.08
1844 0.09
1845 0.42
1846 0.21
1847 0.17
1848 0.74
1849 0.72
1850 0.43
1851 0.29
1852 0.42
1853 0.11
1854 0.25
1855 0.17
1856 0.13
1857 0.17
1858 0.34
1859 0.06
1860 0.18
1861 0.27
1862 0.1
1863 0.11
1864 0.18
1865 0.16
1866 0.28
1867 0.39
1868 0.18
1869 0.08
1870 0.37
1871 0.11
1872 0.43
1873 0.07
1874 0.08
1875 0.47
1876 0.24
1877 0.14
1878 0.32
1879 0.47
1880 0.03
1881 0.17
1882 0.13
1883 0.12
1884 0.04
1885 0.54
1886 0.27
1887 0.12
1888 0.48
1889 0.04
1890 0.11
1891 0.59
1892 0.3
1893 0.08
1894 0.2
1895 0.2
1896 0.18
1897 0.66
1898 0.15
1899 0.11
1900 0.06
1901 0.14
1902 0.38
1903 0.48
1904 0.11
1905 0.15
1906 0.28
1907 0.58
1908 0.27
1909 0.58
1910 0.2
1911 0.21
1912 0.16
1913 0.32
1914 0.46
1915 0.1
1916 0.57
1917 0.18
1918 0.09
1919 0.11
1920 0.33
1921 0.56
1922 0.1
1923 0.15
1924 0.57
1925 0.71
1926 0.37
1927 0.29
1928 0.12
1929 0.1
1930 0.22
1931 0.59
1932 0.36
1933 0.19
1934 0.13
1935 0.11
1936 0.49
1937 0.25
1938 0.03
1939 0.16
1940 0.59
1941 0.19
1942 0.36
1943 0.05
1944 0.8
1945 0.11
1946 0.12
1947 0.25
1948 0.14
1949 0.2
1950 0.09
1951 0.1
1952 0.45
1953 0.23
1954 0.17
1955 0.39
1956 0.11
1957 0.14
1958 0.2
1959 0.29
1960 0.15
1961 0.64
1962 0.08
1963 0.85
1964 0.32
1965 0.26
1966 0.36
1967 0.14
1968 0.07
1969 0.09
1970 0.31
1971 0.17
1972 0.08
1973 0.22
1974 0.33
1975 0.03
1976 0.43
1977 0.08
1978 0.1
1979 0.12
1980 0.18
1981 0.1
1982 0.21
1983 0.13
1984 0.32
1985 0.23
1986 0.32
1987 0.09
1988 0.22
1989 0.22
1990 0.06
1991 0.33
1992 0.09
1993 0.11
1994 0.23
1995 0.42
1996 0.22
1997 0.12
1998 0.17
1999 0.19
2000 0.52
2001 0.13
2002 0.18
2003 0.09
2004 0.1
2005 0.17
2006 0.41
2007 0.06
2008 0.51
2009 0.14
2010 0.09
2011 0.19
2012 0.22
2013 0.06
2014 0.12
2015 0.09
2016 0.13
2017 0.12
2018 0.08
2019 0.09
2020 0.42
2021 0.15
2022 1.07
2023 0.21
2024 0.23
2025 0.23
2026 0.17
2027 0.2
2028 0.33
2029 0.26
2030 0.23
2031 0.21
2032 0.17
2033 0.23
2034 0.12
2035 0.1
2036 0.08
2037 0.12
2038 0.21
2039 0.65
2040 0.5
2041 0.09
2042 0.15
2043 0.12
2044 0.17
2045 0.11
2046 0.33
2047 0.16
2048 0.24
2049 0.33
2050 0.14
2051 0.65
2052 0.43
2053 0.14
2054 0.15
2055 0.55
2056 0.11
2057 0.09
2058 0.61
2059 0.17
2060 0.29
2061 0.2
2062 0.39
2063 0.98
2064 0.05
2065 0.12
2066 0.3
2067 0.04
2068 0.11
2069 0.17
2070 0.22
2071 0.2
2072 0.13
2073 0.57
2074 0.07
2075 0.24
2076 0.11
2077 0.13
2078 0.25
2079 0.75
2080 0.13
2081 0.19
2082 0.19
2083 0.21
2084 0.36
2085 0.05
2086 0.43
2087 0.31
2088 0.33
2089 0.14
2090 0.29
2091 0.07
2092 0.16
2093 0.7
2094 0.25
2095 0.41
2096 0.1
2097 0.15
2098 0.32
2099 0.16
2100 0.08
2101 0.08
2102 0.16
2103 0.2
2104 0.43
2105 0.2
2106 0.35
2107 0.1
2108 0.11
2109 0.18
2110 0.26
2111 0.17
2112 0.23
2113 0.23
2114 0.06
2115 0.37
2116 0.34
2117 0.66
2118 0.06
2119 0.11
2120 0.11
2121 0.11
2122 0.1
2123 0.25
2124 0.5
2125 0.1
2126 0.43
2127 0.37
2128 0.14
2129 0.2
2130 0.12
2131 0.24
2132 0.12
2133 0.18
2134 0.15
2135 0.1
2136 0.31
2137 0.47
2138 0.24
2139 0.05
2140 0.29
2141 0.07
2142 0.15
2143 0.24
2144 0.13
2145 0.47
2146 0.37
2147 0.09
2148 0.17
2149 0.1
2150 0.18
2151 0.23
2152 0.38
2153 0.35
2154 0.24
2155 0.15
2156 0.04
2157 0.44
2158 0.09
2159 0.57
2160 0.39
2161 0.06
2162 0.18
2163 0.11
2164 0.12
2165 0.44
2166 0.23
2167 0.16
2168 0.11
2169 0.31
2170 0.1
2171 0.18
2172 0.08
2173 0.19
2174 0.26
2175 0.2
2176 0.09
2177 0.24
2178 0.33
2179 0.12
2180 0.49
2181 0.33
2182 0.28
2183 0.57
2184 0.1
2185 0.26
2186 0.16
2187 0.23
2188 0.54
2189 0.19
2190 0.03
2191 0.22
2192 0.14
2193 0.16
2194 0.17
2195 0.77
2196 0.49
2197 0.17
2198 0.43
2199 0.1
2200 0.18
2201 0.11
2202 0.12
2203 0.26
2204 0.27
2205 0.05
2206 0.06
2207 0.13
2208 0.3
2209 0.63
2210 0.15
2211 0.2
2212 0.13
2213 0.29
2214 0.15
2215 0.45
2216 0.66
2217 0.14
2218 0.21
2219 0.17
2220 0.05
2221 0.05
2222 0.26
2223 0.08
2224 0.5
2225 0.14
2226 0.2
2227 0.17
2228 0.21
2229 0.04
2230 0.52
2231 0.08
2232 0.08
2233 0.1
2234 0.05
2235 0.03
2236 0.1
2237 0.1
2238 0.18
2239 0.77
2240 0.24
2241 0.08
2242 0.13
2243 0.32
2244 0.35
2245 0.06
2246 0.15
2247 0.23
2248 0.17
2249 0.13
2250 0.16
2251 0.75
2252 0.23
2253 0.16
2254 0.28
2255 0.48
2256 0.2
2257 0.07
2258 0.14
2259 0.21
2260 0.14
2261 0.3
2262 0.09
2263 0.11
2264 0.28
2265 0.21
2266 0.26
2267 0.42
2268 0.22
2269 0.5
2270 0.34
2271 0.05
2272 0.12
2273 0.07
2274 0.8
2275 0.21
2276 0.08
2277 0.13
2278 0.12
2279 0.18
2280 0.23
2281 0.16
2282 0.1
2283 0.13
2284 0.35
2285 0.1
2286 0.09
2287 0.22
2288 0.21
2289 0.09
2290 0.39
2291 0.1
2292 0.62
2293 0.27
2294 0.33
2295 0.12
2296 0.13
2297 0.51
2298 0.13
2299 0.43
2300 0.12
2301 0.31
2302 0.13
2303 0.07
2304 0.18
2305 0.32
2306 0.16
2307 0.04
2308 0.22
2309 0.1
2310 0.1
2311 0.51
2312 0.22
2313 0.13
2314 0.35
2315 0.14
2316 0.09
2317 0.31
2318 0.06
2319 0.35
2320 0.1
2321 0.05
2322 0.2
2323 0.17
2324 0.53
2325 0.12
2326 0.43
2327 0.17
2328 0.43
2329 0.42
2330 0.56
2331 0.2
2332 0.6
2333 0.2
2334 0.24
2335 0.21
2336 0.18
2337 0.16
2338 0.13
2339 0.13
2340 0.07
2341 0.21
2342 0.36
2343 0.25
2344 0.62
2345 0.42
2346 0.13
2347 0.08
2348 0.45
2349 0.36
2350 0.12
2351 0.12
2352 0.19
2353 0.31
2354 0.53
2355 0.52
2356 0.09
2357 0.07
2358 0.17
2359 0.63
2360 0.24
2361 0.16
2362 0.45
2363 0.21
2364 0.13
2365 0.22
2366 0.25
2367 0.11
2368 0.25
2369 0.24
2370 0.05
2371 0.18
2372 0.34
2373 0.66
2374 0.21
2375 0.04
2376 0.09
2377 0.11
2378 0.45
2379 0.49
2380 0.06
2381 0.2
2382 0.07
2383 0.13
2384 0.24
2385 0.14
2386 0.12
2387 0.07
2388 0.29
2389 0.07
2390 0.74
2391 0.25
2392 0.31
2393 0.1
2394 0.14
2395 0.47
2396 0.2
2397 0.06
2398 0.11
2399 0.15
2400 0.41
2401 0.29
2402 0.49
2403 0.16
2404 0.05
2405 0.27
2406 0.2
2407 0.05
2408 0.09
2409 0.11
2410 0.09
2411 0.13
2412 0.16
2413 0.11
2414 0.04
2415 0.53
2416 0.26
2417 0.16
2418 0.04
2419 0.17
2420 0.3
2421 0.04
2422 0.12
2423 0.09
2424 0.11
2425 0.25
2426 0.13
2427 0.51
2428 0.44
2429 0.25
2430 0.26
2431 0.22
2432 0.57
2433 0.84
2434 0.11
2435 0.13
2436 0.17
2437 0.1
2438 0.73
2439 0.2
2440 0.15
2441 0.04
2442 0.81
2443 0.1
2444 0.11
2445 0.12
2446 0.2
2447 0.62
2448 0.12
2449 0.08
2450 0.32
2451 0.31
2452 0.39
2453 0.26
2454 0.29
2455 0.83
2456 0.1
2457 0.36
2458 0.23
2459 0.1
2460 0.08
2461 0.11
2462 0.26
2463 0.42
2464 0.12
2465 0.28
2466 0.28
2467 0.25
2468 0.03
2469 0.29
2470 0.27
2471 0.11
2472 0.36
2473 0.27
2474 0.55
2475 0.23
2476 0.15
2477 0.05
2478 0.17
2479 0.05
2480 0.37
2481 0.2
2482 0.39
2483 0.7
2484 0.47
2485 0.39
2486 0.12
2487 0.33
2488 0.12
2489 0.04
2490 0.13
2491 0.12
2492 0.15
2493 0.22
2494 0.38
2495 0.09
2496 0.07
2497 0.18
2498 0.12
2499 0.09
2500 0.29
2501 0.34
2502 0.11
2503 0.19
2504 0.11
2505 0.09
2506 0.48
2507 0.11
2508 0.22
2509 0.15
2510 0.13
2511 0.19
2512 0.13
2513 0.06
2514 0.15
2515 0.29
2516 0.18
2517 0.56
2518 0.75
2519 0.68
2520 0.18
2521 0.33
2522 0.08
2523 0.2
2524 0.19
2525 0.34
2526 0.36
2527 0.1
2528 0.37
2529 0.16
2530 0.11
2531 0.19
2532 0.17
2533 0.12
2534 0.06
2535 0.11
2536 0.12
2537 0.21
2538 0.14
2539 0.26
2540 0.12
2541 0.3
2542 0.08
2543 0.1
2544 0.86
2545 0.14
2546 0.15
2547 0.04
2548 0.08
2549 0.21
2550 0.65
2551 0.22
2552 0.08
2553 0.26
2554 0.36
2555 0.05
2556 0.4
2557 0.3
2558 0.23
2559 0.09
2560 0.2
2561 0.25
2562 0.26
2563 0.11
2564 0.36
2565 0.31
2566 0.09
2567 0.22
2568 0.54
2569 0.39
2570 0.22
2571 0.22
2572 0.21
2573 0.37
2574 0.44
2575 0.06
2576 0.16
2577 0.33
2578 0.08
2579 0.06
2580 0.1
2581 0.74
2582 0.16
2583 0.13
2584 0.26
2585 0.13
2586 0.14
2587 0.2
2588 0.16
2589 0.47
2590 0.15
2591 0.14
2592 0.1
2593 0.55
2594 0.05
2595 0.17
2596 0.1
2597 0.07
2598 0.23
2599 0.23
2600 0.07
2601 0.3
2602 0.97
2603 0.18
2604 0.07
2605 0.69
2606 0.06
2607 0.13
2608 0.37
2609 0.22
2610 0.15
2611 0.22
2612 0.68
2613 0.13
2614 0.4
2615 0.31
2616 0.21
2617 0.12
2618 0.12
2619 0.19
2620 0.41
2621 0.23
2622 0.13
2623 0.63
2624 0.3
2625 0.37
2626 0.07
2627 0.44
2628 0.57
2629 0.35
2630 0.11
2631 0.16
2632 0.09
2633 0.42
2634 0.04
2635 0.12
2636 0.4
2637 0.14
2638 0.41
2639 0.22
2640 0.29
2641 0.35
2642 0.63
2643 0.16
2644 0.29
2645 0.17
2646 0.25
2647 0.16
2648 0.17
2649 0.1
2650 0.42
2651 0.39
2652 0.32
2653 0.1
2654 0.15
2655 0.4
2656 0.14
2657 0.09
2658 0.45
2659 0.31
2660 0.09
2661 0.17
2662 0.4
2663 0.1
2664 0.1
2665 0.38
2666 0.16
2667 0.09
2668 0.4
2669 0.35
2670 0.57
2671 0.13
2672 0.16
2673 0.67
2674 0.59
2675 0.18
2676 0.43
2677 0.2
2678 0.82
2679 0.53
2680 0.21
2681 0.15
2682 0.15
2683 0.28
2684 0.13
2685 0.12
2686 0.16
2687 0.19
2688 0.39
2689 0.58
2690 0.21
2691 0.08
2692 0.27
2693 0.13
2694 0.14
2695 0.12
2696 0.08
2697 0.14
2698 0.1
2699 0.18
2700 0.37
2701 0.19
2702 0.06
2703 0.12
2704 0.14
2705 0.11
2706 0.19
2707 0.33
2708 0.5
2709 0.05
2710 0.62
2711 0.21
2712 0.18
2713 0.1
2714 0.82
2715 0.06
2716 0.31
2717 0.1
2718 0.3
2719 0.15
2720 0.35
2721 0.97
2722 0.2
2723 0.07
2724 0.32
2725 0.09
2726 0.29
2727 0.47
2728 0.18
2729 0.66
2730 0.36
2731 0.12
2732 0.16
2733 0.58
2734 0.11
2735 0.11
2736 0.15
2737 0.07
2738 0.06
2739 0.09
2740 0.16
2741 0.2
2742 0.19
2743 0.57
2744 0.08
2745 0.25
2746 0.23
2747 0.32
2748 0.53
2749 0.37
2750 0.45
2751 0.18
2752 0.29
2753 0.09
2754 0.13
2755 0.15
2756 0.29
2757 0.37
2758 0.33
2759 0.48
2760 0.25
2761 0.15
2762 0.1
2763 0.3
2764 0.04
2765 0.39
2766 0.27
2767 0.84
2768 0.29
2769 0.22
2770 0.69
2771 0.25
2772 0.38
2773 0.13
2774 0.25
2775 0.12
2776 0.14
2777 0.19
2778 0.05
2779 0.52
2780 0.31
2781 0.07
2782 0.33
2783 0.06
2784 0.37
2785 0.06
2786 0.19
2787 0.57
2788 0.79
2789 0.11
2790 0.16
2791 0.06
2792 0.06
2793 0.12
2794 0.21
2795 0.1
2796 0.1
2797 0.24
2798 0.5
2799 0.73
2800 0.2
2801 0.08
2802 0.2
2803 0.32
2804 0.08
2805 0.12
2806 0.31
2807 0.12
2808 0.12
2809 0.09
2810 0.15
2811 0.28
2812 0.23
2813 0.22
2814 0.06
2815 0.14
2816 0.9
2817 0.36
2818 0.1
2819 0.46
2820 0.08
2821 0.26
2822 0.34
2823 0.17
2824 0.1
2825 0.09
2826 0.09
2827 0.08
2828 0.81
2829 0.11
2830 0.09
2831 0.07
2832 0.1
2833 0.13
2834 0.13
2835 0.19
2836 0.42
2837 0.1
2838 0.39
2839 0.26
2840 0.28
2841 0.05
2842 0.11
2843 0.26
2844 0.73
2845 0.02
2846 0.36
2847 0.33
2848 0.13
2849 0.12
2850 0.12
2851 0.2
2852 0.39
2853 0.08
2854 0.07
2855 0.05
2856 0.43
2857 0.31
2858 0.08
2859 0.16
2860 0.04
2861 0.43
2862 0.19
2863 0.58
2864 0.26
2865 0.09
2866 0.24
2867 0.13
2868 0.06
2869 0.05
2870 0.73
2871 0.07
2872 0.04
2873 0.12
2874 0.05
2875 0.12
2876 0.09
2877 0.12
2878 0.3
2879 0.3
2880 0.09
2881 0.13
2882 0.09
2883 0.72
2884 0.22
2885 0.1
2886 0.25
2887 0.17
2888 0.27
2889 0.07
2890 0.09
2891 0.1
2892 0.16
2893 0.19
2894 0.22
2895 0.34
2896 0.1
2897 0.59
2898 0.25
2899 0.18
2900 0.41
2901 0.17
2902 0.34
2903 0.15
2904 0.16
2905 0.12
2906 0.15
2907 0.6
2908 0.06
2909 0.17
2910 0.12
2911 0.1
2912 0.1
2913 0.59
2914 0.17
2915 0.13
2916 0.12
2917 0.15
2918 0.54
2919 0.15
2920 0.23
2921 0.12
2922 0.18
2923 0.21
2924 0.12
2925 0.2
2926 0.13
2927 0.49
2928 0.26
2929 0.14
2930 0.43
2931 0.38
2932 0.11
2933 0.11
2934 0.1
2935 0.16
2936 0.58
2937 0.08
2938 0.15
2939 0.17
2940 0.3
2941 0.1
2942 0.12
2943 0.18
2944 0.12
2945 0.46
2946 0.45
2947 0.32
2948 0.14
2949 0.16
2950 0.33
2951 0.11
2952 0.53
2953 0.04
2954 0.14
2955 0.31
2956 0.27
2957 0.17
2958 0.14
2959 0.2
2960 0.46
2961 0.07
2962 0.58
2963 0.19
2964 0.27
2965 0.18
2966 0.74
2967 0.14
2968 0.57
2969 0.24
2970 0.14
2971 0.37
2972 0.3
2973 0.1
2974 0.15
2975 0.21
2976 0.29
2977 0.09
2978 0.25
2979 0.15
2980 0.4
2981 0.09
2982 0.07
2983 0.16
2984 0.45
2985 0.13
2986 0.31
2987 0.12
2988 0.28
2989 0.06
2990 0.36
2991 0.05
2992 0.09
2993 0.15
2994 0.25
2995 0.08
2996 0.13
2997 0.11
2998 0.22
2999 0.65
3000 0.16
3001 0.31
3002 0.11
3003 0.35
3004 0.09
3005 0.34
3006 0.32
3007 0.12
3008 0.16
3009 0.59
3010 0.13
3011 0.26
3012 0.09
3013 0.23
3014 0.14
3015 0.1
3016 0.03
3017 0.11
3018 0.07
3019 0.22
3020 0.22
3021 0.61
3022 0.08
3023 0.61
3024 0.47
3025 0.84
3026 0.22
3027 0.1
3028 0.48
3029 0.25
3030 0.11
3031 0.22
3032 0.04
3033 0.57
3034 0.31
3035 0.17
3036 0.24
3037 0.32
3038 0.16
3039 0.32
3040 0.54
3041 0.09
3042 0.07
3043 0.16
3044 0.13
3045 0.13
3046 0.17
3047 0.56
3048 0.56
3049 0.2
3050 0.12
3051 0.22
3052 0.37
3053 0.11
3054 0.17
3055 0.25
3056 0.1
3057 0.21
3058 0.15
3059 0.35
3060 0.31
3061 0.17
3062 0.11
3063 0.04
3064 0.15
3065 0.2
3066 0.05
3067 0.12
3068 0.26
3069 0.53
3070 0.17
3071 0.65
3072 0.14
3073 0.3
3074 0.04
3075 0.31
3076 0.69
3077 0.2
3078 0.11
3079 0.52
3080 0.18
3081 0.29
3082 0.2
3083 0.53
3084 0.38
3085 0.16
3086 0.32
3087 0.09
3088 0.1
3089 0.41
3090 0.13
3091 0.03
3092 0.22
3093 0.31
3094 0.15
3095 0.16
3096 0.47
3097 0.3
3098 0.39
3099 0.15
3100 0.13
3101 0.53
3102 0.65
3103 0.18
3104 0.57
3105 0.39
3106 0.31
3107 0.19
3108 0.06
3109 0.96
3110 0.07
3111 0.21
3112 0.13
3113 0.53
3114 0.21
3115 0.06
3116 0.32
3117 0.09
3118 0.23
3119 0.29
3120 0.25
3121 0.17
3122 0.21
3123 0.24
3124 0.28
3125 0.39
3126 0.21
3127 0.23
3128 0.31
3129 0.29
3130 0.21
3131 0.35
3132 0.66
3133 0.2
3134 0.24
3135 0.08
3136 0.16
3137 0.08
3138 0.07
3139 0.38
3140 0.28
3141 0.26
3142 0.12
3143 0.15
3144 0.67
3145 0.29
3146 0.06
3147 0.15
3148 0.31
3149 0.16
3150 0.17
3151 0.07
3152 0.46
3153 0.06
3154 0.1
3155 0.15
3156 0.12
3157 0.26
3158 0.17
3159 1.06
3160 0.13
3161 0.24
3162 0.63
3163 0.12
3164 0.26
3165 0.11
3166 0.17
3167 0.19
3168 0.65
3169 0.21
3170 0.53
3171 0.08
3172 0.15
3173 0.26
3174 0.66
3175 0.12
3176 0.22
3177 0.13
3178 0.17
3179 0.34
3180 0.31
3181 0.19
3182 0.18
3183 0.35
3184 0.2
3185 0.57
3186 0.08
3187 0.1
3188 0.13
3189 0.33
3190 0.27
3191 0.1
3192 0.47
3193 0.2
3194 0.19
3195 0.04
3196 0.12
3197 0.29
3198 0.31
3199 1.21
3200 0.25
3201 0.87
3202 0.07
3203 0.19
3204 0.3
3205 0.46
3206 0.21
3207 0.57
3208 0.48
3209 0.13
3210 0.22
3211 0.29
3212 0.31
3213 0.42
3214 0.37
3215 0.65
3216 0.13
3217 0.06
3218 0.09
3219 0.13
3220 0.09
3221 0.09
3222 0.1
3223 0.35
3224 0.23
3225 0.35
3226 0.04
3227 0.31
3228 0.24
3229 0.09
3230 0.37
3231 0.14
3232 0.11
3233 0.24
3234 0.48
3235 0.46
3236 0.39
3237 0.19
3238 0.12
3239 0.16
3240 0.14
3241 0.1
3242 0.2
3243 0.1
3244 0.52
3245 0.18
3246 0.29
3247 0.21
3248 0.6
3249 0.17
3250 0.13
3251 0.13
3252 0.09
3253 0.35
3254 0.19
3255 0.3
3256 0.13
3257 0.37
3258 0.11
3259 0.15
3260 0.28
3261 0.15
3262 0.16
3263 0.17
3264 0.13
3265 0.24
3266 0.17
3267 0.75
3268 0.05
3269 0.3
3270 0.45
3271 0.52
3272 0.16
3273 0.42
3274 0.06
3275 0.37
3276 0.16
3277 0.14
3278 0.17
3279 0.21
3280 0.1
3281 0.71
3282 0.68
3283 0.07
3284 0.37
3285 0.35
3286 0.13
3287 0.06
3288 0.15
3289 0.2
3290 0.13
3291 0.46
3292 0.13
3293 0.12
3294 0.45
3295 0.37
3296 0.12
3297 0.12
3298 0.13
3299 0.1
3300 0.05
3301 0.31
3302 0.19
3303 0.31
3304 0.79
3305 0.13
3306 0.1
3307 0.23
3308 0.42
3309 0.13
3310 0.04
3311 0.07
3312 0.1
3313 0.05
3314 0.73
3315 0.35
3316 0.35
3317 0.14
3318 0.58
3319 0.22
3320 0.15
3321 0.2
3322 0.24
3323 0.69
3324 0.12
3325 0.09
3326 0.4
3327 0.22
3328 0.13
3329 0.14
3330 0.43
3331 0.16
3332 0.21
3333 0.14
3334 0.28
3335 0.13
3336 0.53
3337 0.17
3338 1.01
3339 0.08
3340 0.11
3341 0.06
3342 0.4
3343 0.23
3344 0.22
3345 0.4
3346 0.2
3347 0.22
3348 0.13
3349 0.26
3350 0.09
3351 0.09
3352 0.23
3353 0.17
3354 0.22
3355 0.07
3356 0.16
3357 0.23
3358 0.13
3359 0.14
3360 0.04
3361 0.18
3362 0.17
3363 0.38
3364 0.04
3365 0.14
3366 0.24
3367 0.21
3368 0.12
3369 0.14
3370 0.42
3371 0.08
3372 0.16
3373 0.13
3374 0.09
3375 0.08
3376 0.27
3377 0.2
3378 0.39
3379 0.1
3380 0.13
3381 0.24
3382 0.16
3383 0.15
3384 0.23
3385 0.17
3386 0.1
3387 0.26
3388 0.43
3389 0.05
3390 0.15
3391 0.2
3392 0.16
3393 0.05
3394 0.21
3395 0.16
3396 0.3
3397 0.16
3398 0.07
3399 0.1
3400 0.16
3401 0.2
3402 0.2
3403 0.13
3404 0.21
3405 0.49
3406 0.47
3407 0.49
3408 0.14
3409 0.12
3410 0.12
3411 0.11
3412 0.34
3413 0.07
3414 0.46
3415 0.31
3416 0.36
3417 0.2
3418 0.26
3419 0.25
3420 0.02
3421 0.08
3422 0.56
3423 0.4
3424 0.07
3425 0.14
3426 0.05
3427 0.09
3428 0.6
3429 0.18
3430 0.35
3431 0.13
3432 0.71
3433 0.51
3434 0.12
3435 0.12
3436 0.45
3437 0.34
3438 0.25
3439 0.1
3440 0.02
3441 0.52
3442 0.07
3443 0.18
3444 0.1
3445 0.14
3446 0.11
3447 0.11
3448 0.3
3449 0.15
3450 0.12
3451 0.19
3452 0.21
3453 0.1
3454 0.09
3455 0.32
3456 0.14
3457 0.33
3458 0.6
3459 0.07
3460 0.09
3461 0.21
3462 0.21
3463 0.11
3464 0.39
3465 0.34
3466 0.08
3467 0.29
3468 0.17
3469 0.19
3470 0.13
3471 0.2
3472 0.31
3473 0.13
3474 0.18
3475 0.35
3476 0.81
3477 0.14
3478 0.34
3479 0.11
3480 0.08
3481 0.28
3482 0.04
